Given a new game
When the board starts with
-------------------
|0,0,0|0,0,0|0,0,0|
|0,3,7|0,4,0|0,0,6|
|5,0,0|3,0,2|0,8,0|
-------------------
|6,0,0|4,0,0|9,0,0|
|0,9,0|0,3,0|0,6,0|
|0,0,4|0,0,8|0,0,1|
-------------------
|0,8,0|2,0,9|0,0,5|
|3,0,0|0,6,0|2,1,0|
|0,0,0|0,0,0|0,0,0|
-------------------

Then the solution will be
-------------------
|1,4,2|7,8,6|5,9,3|
|8,3,7|9,4,5|1,2,6|
|5,6,9|3,1,2|7,8,4|
-------------------
|6,1,3|4,2,7|9,5,8|
|7,9,8|5,3,1|4,6,2|
|2,5,4|6,9,8|3,7,1|
-------------------
|4,8,1|2,7,9|6,3,5|
|3,7,5|8,6,4|2,1,9|
|9,2,6|1,5,3|8,4,7|
-------------------

When the board starts with
-------------------
|0,8,2|3,0,5|6,7,0|
|7,0,5|0,9,0|0,0,2|
|6,0,3|2,0,0|5,0,0|
-------------------
|0,3,0|0,0,2|0,5,0|
|0,0,8|0,0,0|4,0,0|
|0,2,0|1,0,0|0,8,0|
-------------------
|0,0,4|0,0,1|2,0,3|
|2,0,0|0,8,0|7,0,5|
|0,6,7|5,0,9|1,4,0|
-------------------

Then the solution will be
-------------------
|9,8,2|3,1,5|6,7,4|
|7,1,5|6,9,4|8,3,2|
|6,4,3|2,7,8|5,1,9|
-------------------
|1,3,6|8,4,2|9,5,7|
|5,7,8|9,3,6|4,2,1|
|4,2,9|1,5,7|3,8,6|
-------------------
|8,5,4|7,6,1|2,9,3|
|2,9,1|4,8,3|7,6,5|
|3,6,7|5,2,9|1,4,8|
-------------------
When the board starts with
-------------------
|8,5,0|0,0,2|4,0,0|
|7,2,0|0,0,0|0,0,9|
|0,0,4|0,0,0|0,0,0|
-------------------
|0,0,0|1,0,7|0,0,2|
|3,0,5|0,0,0|9,0,0|
|0,4,0|0,0,0|0,0,0|
-------------------
|0,0,0|0,8,0|0,7,0|
|0,1,7|0,0,0|0,0,0|
|0,0,0|0,3,6|0,4,0|
-------------------
Then the solution will be
-------------------
|8,5,9|6,1,2|4,3,7|
|7,2,3|8,5,4|1,6,9|
|1,6,4|3,7,9|5,2,8|
-------------------
|9,8,6|1,4,7|3,5,2|
|3,7,5|2,6,8|9,1,4|
|2,4,1|5,9,3|7,8,6|
-------------------
|4,3,2|9,8,1|6,7,5|
|6,1,7|4,2,5|8,9,3|
|5,9,8|7,3,6|2,4,1|
-------------------